# 来源: /tmp/heyibuhe.mid 轨1（单音化：每时间片取最高音）
# 音域 C3~C5 (48-72) | 移调 -12 半音
# 事件 691 条（含休止）| 总时长 199.8s
# 列: 频率Hz 时值ms 绝对起始ms（起始时间直接来自 MIDI，覆盖累加值 → 两声部精确对齐）
349 68 0
0 205 68
349 68 273
0 205 341
349 68 545
0 205 614
349 68 818
0 205 886
349 68 1091
0 205 1159
349 68 1364
0 205 1432
349 68 1636
0 205 1705
349 68 1909
0 205 1977
349 245 2182
349 245 2455
349 245 2727
440 245 3000
0 1118 3245
349 245 4364
349 245 4636
349 245 4909
392 245 5182
0 1118 5427
349 245 6545
349 245 6818
349 245 7091
440 245 7364
0 1118 7609
349 245 8727
349 245 9000
349 245 9273
523 245 9545
523 245 9818
440 245 10091
349 245 10364
262 245 10636
349 245 10909
349 245 11182
349 245 11455
440 245 11727
0 1118 11973
349 245 13091
349 245 13364
349 245 13636
392 245 13909
0 300 14155
349 245 14455
349 245 14727
262 245 15000
349 245 15273
392 245 15545
440 245 15818
349 245 16091
392 245 16364
440 245 16636
349 245 16909
440 245 17182
330 123 17455
349 123 17591
523 123 17727
330 123 17864
349 123 18000
523 123 18136
330 123 18273
349 123 18409
523 123 18545
330 123 18682
349 123 18818
523 123 18955
523 491 19091
0 600 19582
175 245 20182
175 245 20455
175 245 20727
262 245 21000
262 245 21273
196 518 21545
196 245 22091
196 245 22364
196 245 22636
196 245 22909
175 245 23182
165 245 23455
175 518 23727
175 245 24273
175 245 24545
175 245 24818
175 245 25091
175 245 25364
175 245 25636
175 245 25909
175 245 26182
175 245 26455
262 491 26727
175 245 27273
175 245 27545
262 491 27818
262 123 28364
262 123 28500
262 123 28636
262 123 28773
262 245 28909
262 123 29182
262 123 29318
262 245 29455
175 245 29727
196 245 30000
175 245 30273
175 245 30545
175 245 30818
175 245 31091
131 245 31364
131 245 31636
220 245 31909
220 491 32182
233 245 32727
233 123 33000
233 382 33136
233 245 33545
233 245 33818
233 245 34091
262 245 34364
196 2236 34636
0 764 36873
175 245 37636
175 245 37909
175 245 38182
262 245 38455
262 245 38727
196 518 39000
196 245 39545
196 245 39818
196 245 40091
196 245 40364
220 245 40636
233 245 40909
220 518 41182
220 245 41727
220 245 42000
220 245 42273
220 245 42545
196 245 42818
175 245 43091
175 245 43364
165 245 43636
330 245 43909
330 245 44182
294 245 44455
294 491 44727
262 245 45273
220 123 45545
196 123 45682
175 245 45818
175 123 46091
175 382 46227
175 245 46636
175 245 46909
196 245 47182
220 245 47454
175 245 47727
175 245 48000
175 123 48273
175 382 48409
175 245 48818
175 245 49091
196 245 49364
220 245 49636
175 245 49909
233 245 50182
233 245 50454
233 245 50727
220 245 51000
233 245 51273
262 245 51545
220 245 51818
220 518 52091
196 491 52636
175 245 53182
175 245 53454
196 245 53727
196 245 54000
175 245 54273
220 736 54545
0 82 55282
175 245 55364
175 245 55636
196 245 55909
196 245 56182
175 245 56454
262 736 56727
0 82 57464
262 245 57545
262 245 57818
294 245 58091
294 245 58364
262 245 58636
349 736 58909
0 82 59645
349 245 59727
349 245 60000
330 245 60273
294 245 60545
330 245 60818
262 736 61091
0 82 61827
262 245 61909
262 245 62182
220 245 62454
220 245 62727
196 245 63000
175 736 63273
0 82 64009
175 245 64091
175 245 64364
196 245 64636
196 245 64909
175 245 65182
220 245 65454
262 245 65727
262 245 66000
220 245 66273
175 491 66545
175 245 67091
175 245 67364
196 245 67636
196 123 67909
196 382 68045
175 245 68454
175 245 68727
147 245 69000
220 245 69273
220 518 69545
196 491 70091
175 245 70636
175 245 70909
196 245 71182
196 245 71454
175 245 71727
220 736 72000
0 82 72736
175 245 72818
175 245 73091
196 245 73364
196 245 73636
175 245 73909
262 736 74182
0 82 74918
262 245 75000
262 245 75273
294 245 75545
294 245 75818
262 245 76091
349 736 76364
0 82 77100
349 245 77182
349 245 77454
330 245 77727
294 245 78000
330 245 78273
262 736 78545
0 82 79282
262 245 79364
262 245 79636
220 245 79909
220 245 80182
196 245 80454
175 736 80727
0 82 81464
175 245 81545
175 245 81818
196 245 82091
196 245 82364
175 245 82636
220 245 82909
262 245 83182
262 245 83454
220 245 83727
175 491 84000
175 245 84545
175 245 84818
196 245 85091
196 123 85364
196 382 85500
175 245 85909
175 245 86182
147 245 86454
220 245 86727
220 518 87000
196 491 87545
131 245 88091
220 245 88364
233 123 88636
233 382 88773
220 245 89182
196 245 89454
175 245 89727
196 245 90000
220 518 90273
233 736 90818
0 82 91554
262 491 91636
233 245 92182
220 518 92454
196 736 93000
0 82 93736
175 491 93818
196 245 94364
220 518 94636
349 736 95182
0 82 95918
330 491 96000
349 245 96545
330 518 96818
262 736 97364
0 82 98100
294 491 98182
262 245 98727
262 518 99000
220 736 99545
0 82 100282
262 491 100364
220 245 100909
196 518 101182
175 736 101727
0 82 102464
165 245 102545
175 245 102818
262 245 103091
165 245 103364
175 245 103636
262 245 103909
165 245 104182
262 245 104454
165 123 104727
175 123 104864
262 123 105000
165 123 105136
175 123 105273
262 123 105409
165 123 105545
175 123 105682
262 123 105818
165 123 105954
175 123 106091
262 123 106227
262 491 106364
0 600 106854
175 245 107454
175 245 107727
175 245 108000
262 245 108273
262 245 108545
196 518 108818
196 245 109364
196 245 109636
196 245 109909
196 245 110182
175 245 110454
165 245 110727
175 518 111000
175 245 111545
175 245 111818
175 245 112091
175 245 112364
175 245 112636
175 245 112909
175 245 113182
175 245 113454
175 245 113727
262 491 114000
175 245 114545
175 245 114818
262 491 115091
262 123 115636
262 123 115773
262 123 115909
262 123 116045
262 245 116182
262 123 116454
262 123 116591
262 245 116727
175 245 117000
196 245 117273
175 245 117545
175 245 117818
175 245 118091
175 245 118364
131 245 118636
131 245 118909
220 245 119182
220 491 119454
233 245 120000
233 123 120273
233 382 120409
233 245 120818
233 245 121091
233 245 121364
262 245 121636
196 2236 121909
0 764 124145
175 245 124909
175 245 125182
175 245 125454
262 245 125727
262 245 126000
196 518 126273
196 245 126818
196 245 127091
196 245 127364
196 245 127636
220 245 127909
233 245 128182
220 518 128454
220 245 129000
220 245 129273
220 245 129545
220 245 129818
196 245 130091
175 245 130364
175 245 130636
165 245 130909
330 245 131182
330 245 131454
294 245 131727
294 491 132000
262 245 132545
220 123 132818
196 123 132954
175 245 133091
175 123 133364
175 382 133500
175 245 133909
175 245 134182
196 245 134454
220 245 134727
175 245 135000
175 245 135273
175 123 135545
175 382 135682
175 245 136091
175 245 136364
196 245 136636
220 245 136909
175 245 137182
233 245 137454
233 245 137727
233 245 138000
220 245 138273
233 245 138545
262 245 138818
220 245 139091
220 518 139363
196 491 139909
175 245 140454
175 245 140727
196 245 141000
196 245 141273
175 245 141545
220 736 141818
0 82 142554
175 245 142636
175 245 142909
196 245 143182
196 245 143454
175 245 143727
262 736 144000
0 82 144736
262 245 144818
262 245 145091
294 245 145363
294 245 145636
262 245 145909
349 736 146182
0 82 146918
349 245 147000
349 245 147273
330 245 147545
294 245 147818
330 245 148091
262 736 148363
0 82 149100
262 245 149182
262 245 149454
220 245 149727
220 245 150000
196 245 150273
175 736 150545
0 82 151282
175 245 151363
175 245 151636
196 245 151909
196 245 152182
175 245 152454
220 245 152727
262 245 153000
262 245 153273
220 245 153545
175 491 153818
175 245 154363
175 245 154636
196 245 154909
196 123 155182
196 382 155318
175 245 155727
175 245 156000
147 245 156273
220 245 156545
220 518 156818
196 491 157363
175 245 157909
175 245 158182
196 245 158454
196 245 158727
175 245 159000
220 736 159273
0 82 160009
175 245 160091
175 245 160363
196 245 160636
196 245 160909
175 245 161182
262 736 161454
0 82 162191
262 245 162273
262 245 162545
294 245 162818
294 245 163091
262 245 163363
349 736 163636
0 82 164373
349 245 164454
349 245 164727
330 245 165000
294 245 165273
330 245 165545
262 736 165818
0 82 166554
262 245 166636
262 245 166909
220 245 167182
220 245 167454
196 245 167727
175 736 168000
0 82 168736
175 245 168818
175 245 169091
196 245 169363
196 245 169636
175 245 169909
220 245 170182
262 245 170454
262 245 170727
220 245 171000
175 491 171273
175 245 171818
175 245 172091
196 245 172363
196 123 172636
196 382 172773
175 245 173182
175 245 173454
147 245 173727
220 245 174000
220 518 174273
196 491 174818
175 245 175363
175 245 175636
196 245 175909
196 245 176182
175 245 176454
220 736 176727
0 82 177463
175 245 177545
175 245 177818
196 245 178091
196 245 178363
175 245 178636
262 736 178909
0 82 179645
262 245 179727
262 245 180000
294 245 180273
294 245 180545
262 245 180818
349 736 181091
0 82 181827
349 245 181909
349 245 182182
330 245 182454
294 245 182727
330 245 183000
262 736 183273
0 82 184009
262 245 184091
262 245 184363
220 245 184636
220 245 184909
196 245 185182
175 736 185454
0 82 186191
175 245 186273
175 245 186545
196 245 186818
196 245 187091
175 245 187363
220 245 187636
262 245 187909
262 245 188182
220 245 188454
175 491 188727
175 245 189273
175 245 189545
196 245 189818
196 123 190091
196 382 190227
175 245 190636
175 245 190909
147 245 191182
220 245 191454
220 518 191727
196 491 192273
175 245 192818
175 245 193091
196 245 193363
196 245 193636
175 245 193909
220 736 194182
0 82 194918
175 245 195000
175 245 195273
196 245 195545
196 245 195818
175 245 196091
262 736 196363
0 82 197100
262 245 197182
262 245 197454
294 245 197727
294 245 198000
262 245 198273
349 736 198545
0 82 199282
349 245 199363
349 245 199636
330 245 199909
294 245 200182
330 245 200454
262 736 200727
0 82 201463
262 245 201545
262 245 201818
220 245 202091
220 245 202363
196 245 202636
175 736 202909
0 82 203645
175 245 203727
175 245 204000
196 245 204273
196 245 204545
175 245 204818
220 245 205091
262 245 205363
262 245 205636
220 245 205909
175 491 206182
175 245 206727
175 245 207000
196 245 207273
196 123 207545
196 382 207682
175 245 208091
175 245 208363
147 245 208636
220 245 208909
220 518 209182
196 491 209727
131 245 210273
220 245 210545
233 123 210818
233 123 210954
0 1377 211077
220 245 212454
196 245 212727
175 245 213000
0 1586 213245
220 26 214832
349 982 214883
