# 来源: /tmp/heyibuhe.mid 轨1（单音化：每时间片取最高音）
# 音域 C4~C6 (60-84) | 移调 +0 半音
# 事件 691 条（含休止）| 总时长 199.8s
698 68
0 205
698 68
0 205
698 68
0 205
698 68
0 205
698 68
0 205
698 68
0 205
698 68
0 205
698 68
0 205
698 245
698 245
698 245
880 245
0 1118
698 245
698 245
698 245
784 245
0 1118
698 245
698 245
698 245
880 245
0 1118
698 245
698 245
698 245
1047 245
1047 245
880 245
698 245
523 245
698 245
698 245
698 245
880 245
0 1118
698 245
698 245
698 245
784 245
0 300
698 245
698 245
523 245
698 245
784 245
880 245
698 245
784 245
880 245
698 245
880 245
659 123
698 123
1047 123
659 123
698 123
1047 123
659 123
698 123
1047 123
659 123
698 123
1047 123
1047 491
0 600
349 245
349 245
349 245
523 245
523 245
392 518
392 245
392 245
392 245
392 245
349 245
330 245
349 518
349 245
349 245
349 245
349 245
349 245
349 245
349 245
349 245
349 245
523 491
349 245
349 245
523 491
523 123
523 123
523 123
523 123
523 245
523 123
523 123
523 245
349 245
392 245
349 245
349 245
349 245
349 245
262 245
262 245
440 245
440 491
466 245
466 123
466 382
466 245
466 245
466 245
523 245
392 2236
0 764
349 245
349 245
349 245
523 245
523 245
392 518
392 245
392 245
392 245
392 245
440 245
466 245
440 518
440 245
440 245
440 245
440 245
392 245
349 245
349 245
330 245
659 245
659 245
587 245
587 491
523 245
440 123
392 123
349 245
349 123
349 382
349 245
349 245
392 245
440 245
349 245
349 245
349 123
349 382
349 245
349 245
392 245
440 245
349 245
466 245
466 245
466 245
440 245
466 245
523 245
440 245
440 518
392 491
349 245
349 245
392 245
392 245
349 245
440 736
0 82
349 245
349 245
392 245
392 245
349 245
523 736
0 82
523 245
523 245
587 245
587 245
523 245
698 736
0 82
698 245
698 245
659 245
587 245
659 245
523 736
0 82
523 245
523 245
440 245
440 245
392 245
349 736
0 82
349 245
349 245
392 245
392 245
349 245
440 245
523 245
523 245
440 245
349 491
349 245
349 245
392 245
392 123
392 382
349 245
349 245
294 245
440 245
440 518
392 491
349 245
349 245
392 245
392 245
349 245
440 736
0 82
349 245
349 245
392 245
392 245
349 245
523 736
0 82
523 245
523 245
587 245
587 245
523 245
698 736
0 82
698 245
698 245
659 245
587 245
659 245
523 736
0 82
523 245
523 245
440 245
440 245
392 245
349 736
0 82
349 245
349 245
392 245
392 245
349 245
440 245
523 245
523 245
440 245
349 491
349 245
349 245
392 245
392 123
392 382
349 245
349 245
294 245
440 245
440 518
392 491
262 245
440 245
466 123
466 382
440 245
392 245
349 245
392 245
440 518
466 736
0 82
523 491
466 245
440 518
392 736
0 82
349 491
392 245
440 518
698 736
0 82
659 491
698 245
659 518
523 736
0 82
587 491
523 245
523 518
440 736
0 82
523 491
440 245
392 518
349 736
0 82
330 245
349 245
523 245
330 245
349 245
523 245
330 245
523 245
330 123
349 123
523 123
330 123
349 123
523 123
330 123
349 123
523 123
330 123
349 123
523 123
523 491
0 600
349 245
349 245
349 245
523 245
523 245
392 518
392 245
392 245
392 245
392 245
349 245
330 245
349 518
349 245
349 245
349 245
349 245
349 245
349 245
349 245
349 245
349 245
523 491
349 245
349 245
523 491
523 123
523 123
523 123
523 123
523 245
523 123
523 123
523 245
349 245
392 245
349 245
349 245
349 245
349 245
262 245
262 245
440 245
440 491
466 245
466 123
466 382
466 245
466 245
466 245
523 245
392 2236
0 764
349 245
349 245
349 245
523 245
523 245
392 518
392 245
392 245
392 245
392 245
440 245
466 245
440 518
440 245
440 245
440 245
440 245
392 245
349 245
349 245
330 245
659 245
659 245
587 245
587 491
523 245
440 123
392 123
349 245
349 123
349 382
349 245
349 245
392 245
440 245
349 245
349 245
349 123
349 382
349 245
349 245
392 245
440 245
349 245
466 245
466 245
466 245
440 245
466 245
523 245
440 245
440 518
392 491
349 245
349 245
392 245
392 245
349 245
440 736
0 82
349 245
349 245
392 245
392 245
349 245
523 736
0 82
523 245
523 245
587 245
587 245
523 245
698 736
0 82
698 245
698 245
659 245
587 245
659 245
523 736
0 82
523 245
523 245
440 245
440 245
392 245
349 736
0 82
349 245
349 245
392 245
392 245
349 245
440 245
523 245
523 245
440 245
349 491
349 245
349 245
392 245
392 123
392 382
349 245
349 245
294 245
440 245
440 518
392 491
349 245
349 245
392 245
392 245
349 245
440 736
0 82
349 245
349 245
392 245
392 245
349 245
523 736
0 82
523 245
523 245
587 245
587 245
523 245
698 736
0 82
698 245
698 245
659 245
587 245
659 245
523 736
0 82
523 245
523 245
440 245
440 245
392 245
349 736
0 82
349 245
349 245
392 245
392 245
349 245
440 245
523 245
523 245
440 245
349 491
349 245
349 245
392 245
392 123
392 382
349 245
349 245
294 245
440 245
440 518
392 491
349 245
349 245
392 245
392 245
349 245
440 736
0 82
349 245
349 245
392 245
392 245
349 245
523 736
0 82
523 245
523 245
587 245
587 245
523 245
698 736
0 82
698 245
698 245
659 245
587 245
659 245
523 736
0 82
523 245
523 245
440 245
440 245
392 245
349 736
0 82
349 245
349 245
392 245
392 245
349 245
440 245
523 245
523 245
440 245
349 491
349 245
349 245
392 245
392 123
392 382
349 245
349 245
294 245
440 245
440 518
392 491
349 245
349 245
392 245
392 245
349 245
440 736
0 82
349 245
349 245
392 245
392 245
349 245
523 736
0 82
523 245
523 245
587 245
587 245
523 245
698 736
0 82
698 245
698 245
659 245
587 245
659 245
523 736
0 82
523 245
523 245
440 245
440 245
392 245
349 736
0 82
349 245
349 245
392 245
392 245
349 245
440 245
523 245
523 245
440 245
349 491
349 245
349 245
392 245
392 123
392 382
349 245
349 245
294 245
440 245
440 518
392 491
262 245
440 245
466 123
466 123
0 1377
440 245
392 245
349 245
0 1586
440 26
698 982
