# 《晴天》主旋律音符表  格式: 频率Hz 时值ms   (0 = 休止)
# 来源: github.com/TwilightLemon/SunnyDays (Voice.cpp) 编码解析
#SECTION 故事的小黄花
392 390
392 390
262 390
262 390
0 390
294 390
330 390
0 390
#SECTION 从出生那年就飘着
392 390
392 390
262 390
262 390
294 180
330 180
294 390
262 390
0 390
#SECTION 童年的荡秋千
392 390
392 390
262 390
262 390
0 390
294 390
330 390
0 390
#SECTION 随记忆一直晃到现在
330 390
0 390
294 200
330 200
349 200
330 200
294 200
349 200
330 200
0 175
294 200
0 175
0 390
#SECTION Re so so si do si la So la
196 390
262 390
262 390
330 390
349 390
330 390
294 390
0 175
262 390
294 390
#SECTION si si si si la si la so
330 390
330 390
330 390
330 390
0 175
294 200
330 200
294 200
0 175
262 200
0 390
0 390
#SECTION 吹着前奏望着天空
196 390
262 390
294 390
330 390
349 390
330 390
294 390
262 180
#SECTION 我想起花瓣试着掉落
294 180
330 390
330 390
330 390
330 390
294 180
330 180
294 180
0 225
262 180
0 390
#SECTION 为你翘课的那一天
247 180
262 180
262 180
262 180
262 180
247 180
0 175
262 180
262 180
0 225
#SECTION 花落的那一天
262 180
262 180
262 180
247 180
0 175
262 180
262 180
0 225
#SECTION 教室的那一间
262 180
262 180
262 180
247 180
0 175
262 180
262 180
0 225
#SECTION 我怎么看不见
262 180
262 180
262 180
392 180
0 175
392 180
392 180
0 225
#SECTION 消失的下雨天
392 180
392 180
392 180
392 180
0 175
392 180
392 180
0 225
#SECTION 我好想再淋一遍
392 180
392 180
392 180
0 175
392 390
0 175
349 390
330 390
330 390
0 390
0 390
#SECTION 没想到失去的勇气我还留着
262 180
262 180
262 180
262 180
220 180
0 390
247 390
262 390
392 390
349 390
330 390
262 390
262 390
0 390
0 390
#SECTION 好想再问一遍
262 180
262 180
262 180
262 180
0 225
330 390
262 390
0 390
0 390
#SECTION 你会等待还是离开
220 390
247 390
262 390
392 390
349 390
330 390
262 390
294 390
0 390
0 390
0 390
0 390
0 390
#SECTION 刮风这天 我试过握着你手
330 390
294 390
349 390
330 390
0 390
262 390
392 390
494 390
587 390
523 390
392 390
262 390
0 390
#SECTION 但偏偏 雨渐渐
262 390
440 390
440 390
0 390
440 390
392 390
392 390
0 390
#SECTION 大到我看你不见
392 390
349 390
330 390
294 390
330 390
349 390
330 390
0 390
0 390
#SECTION 还有多久 我才能在你身边
330 390
349 390
392 390
330 390
0 390
349 390
392 390
494 390
587 390
494 390
523 390
523 390
0 390
0 390
0 390
#SECTION 等到放晴的那天 也许我会比较好一点
523 390
523 390
392 390
392 390
440 390
392 390
349 390
294 390
330 390
349 390
392 390
440 390
262 390
440 390
0 225
494 180
494 180
0 390
0 225
#SECTION 从前从前 有个人爱你很久
330 390
294 390
349 390
330 390
0 390
262 390
392 390
494 390
523 390
494 390
392 390
262 390
0 390
#SECTION 但偏偏 风渐渐 把距离吹得好远
262 390
440 390
440 390
0 390
440 390
392 390
392 390
0 390
392 390
349 390
330 390
294 390
330 390
349 390
330 390
0 390
0 390
#SECTION 好不容易 又能再多爱一天
330 390
349 390
392 390
330 390
0 390
349 390
392 390
494 390
587 390
494 390
523 390
523 390
0 390
0 390
0 390
#SECTION 但故事的最后你好像还是说了 拜拜
523 390
523 390
392 390
392 390
440 390
392 390
349 390
220 390
247 390
262 390
294 390
330 390
294 390
0 390
0 390
330 390
0 390
262 390
0 390
0 390
0 390
0 390
0 390
0 390
0 390
0 390
0 390
0 390
0 390
#SECTION 为你翘课的那一天
247 180
262 180
262 180
262 180
262 180
247 180
0 175
262 180
262 180
0 225
#SECTION 花落的那一天
262 180
262 180
262 180
247 180
0 175
262 180
262 180
0 225
#SECTION 教室的那一间
262 180
262 180
262 180
247 180
0 175
262 180
262 180
0 225
#SECTION 我怎么看不见
262 180
262 180
262 180
392 180
0 175
392 180
392 180
0 225
#SECTION 消失的下雨天
392 180
392 180
392 180
392 180
0 175
392 180
392 180
0 225
#SECTION 我好想再淋一遍
392 180
392 180
392 180
0 175
392 390
0 175
349 390
330 390
330 390
0 390
0 390
#SECTION 没想到失去的勇气我还留着
262 180
262 180
262 180
262 180
220 180
0 390
247 390
262 390
392 390
349 390
330 390
262 390
262 390
0 390
0 390
#SECTION 好想再问一遍
262 180
262 180
262 180
262 180
0 225
330 390
262 390
0 390
0 390
#SECTION 你会等待还是离开
220 390
247 390
262 390
392 390
349 390
330 390
262 390
294 390
0 390
0 390
0 390
0 390
0 390
#SECTION 从前从前 有个人爱你很久↑
330 390
294 390
349 390
330 390
0 390
262 390
392 390
494 390
523 390
494 390
587 390
523 390
0 390
0 390
#SECTION 偏偏 风渐渐 把距离吹得好远
494 390
440 390
0 390
440 390
392 390
392 390
0 390
392 390
349 390
330 390
294 390
330 390
349 390
330 390
0 390
0 390
0 390
#SECTION 好不容易 又能再多爱一天
330 390
349 390
392 390
330 390
0 390
349 390
392 390
494 390
587 390
494 390
523 390
523 390
0 390
0 390
#SECTION 但故事的最后你好像还是说了 拜拜
523 390
523 390
392 390
392 390
440 390
392 390
349 390
220 390
247 390
262 390
294 390
330 390
294 390
0 390
0 390
330 390
0 390
262 390
0 390
0 390
0 390
